# Arquivo de particulas Particle2 - formato: x y vx vy r g b
63.94 2.5   -2.25  -2.77   255   0   255
10.25 74.07   0.45  0.9   255   0   0
2.98 21.86   0.05  -4.73   0   255   0
71.6 70.13   -0.8  -0.51   0   0   255
80.94 0.65   3.06  1.98   0   0   255
27.79 21.53   2.63  -3.98   255   255   0
9.67 84.75   1.04  3.07   255   0   255
45.94 12.48   4.22  -4.21   0   0   255
82.94 61.85   3.62  0.77   255   0   255
6.96 66.13   2.73  4.85   0   255   0
86.65 38.01   -0.47  3.34   0   255   0
37.02 20.95   -2.33  4.37   255   0   255
7.14 63.5   0.34  -2.55   255   255   0
37.95 98.95   1.4  0.57   255   0   255
32.43 76.83   -4.44  3.22   0   0   255
40.12 6.62   4.13  0.67   255   0   255
31.47 65.54   -1.04  4.15   255   255   0
14.29 13.96   2.45  0.39   255   0   255
58.46 89.78   -1.01  -2.81   0   255   0
50.95 9.09   -4.53  -3.9   255   0   255
16.0 68.05   0.96  -1.15   0   255   255
99.61 52.91   4.71  3.61   255   0   0
68.03 11.46   3.85  2.51   255   0   255
34.02 29.35   -3.42  -4.97   255   0   255
87.59 26.34   0.01  -3.21   255   0   0
87.05 29.84   1.39  1.09   0   255   0
37.39 16.15   4.53  4.22   255   0   0
59.89 48.86   -3.88  -1.37   0   0   255
23.95 24.09   0.67  -4.21   255   0   255
48.6 6.92   2.61  2.66   0   255   0
65.98 94.68   -3.35  0.28   0   255   255
42.31 21.18   0.39  2.3   0   255   0
71.29 39.9   1.72  -1.27   0   255   255
45.15 24.79   -4.36  -4.79   0   255   255
23.01 22.02   -4.29  1.31   0   255   0
6.74 3.14   -1.7  0.14   0   0   255
66.9 21.42   -3.68  4.36   0   255   255
57.62 24.3   -0.27  -0.93   255   0   0
9.69 43.11   -0.76  -0.33   255   0   255
5.42 65.35   1.46  -4.39   255   0   255
33.93 86.17   -2.51  -3.1   255   255   0
14.02 18.35   -0.37  3.74   255   0   0
44.31 86.13   0.5  -4.49   0   255   255
83.6 96.9   4.26  3.49   0   255   0
40.64 48.14   3.65  4.02   0   255   0
37.9 98.53   -2.35  2.84   255   255   0
28.52 69.66   2.31  2.83   255   0   255
71.84 15.48   -2.03  4.69   0   255   255
73.57 6.1   -1.86  -4.5   255   255   0
50.29 85.27   -3.43  4.61   255   0   0
85.13 6.85   -4.32  3.62   255   255   0
11.99 89.03   -2.54  0.95   0   255   255
8.2 65.74   0.65  -1.84   0   0   255
20.43 71.62   -2.61  -1.04   255   0   255
64.55 45.72   4.29  4.36   255   0   0
45.83 99.85   4.96  -4.27   0   255   0
50.59 13.25   -1.51  -4.31   0   255   0
36.95 15.77   3.34  2.04   0   255   255
98.39 80.71   0.29  1.68   0   255   255
29.94 66.34   4.39  -3.66   255   0   0
88.97 74.24   -3.45  -2.18   0   255   0
71.76 20.36   1.34  -2.36   255   255   0
25.11 90.82   -4.49  1.34   0   0   255
4.41 33.36   -3.69  4.8   0   255   0
74.12 55.17   -0.72  -4.9   255   0   0
94.51 69.1   -3.51  -4.64   0   0   255
58.25 14.81   -3.73  -1.92   255   0   0
89.89 21.01   -2.5  -3.97   0   255   255
88.41 40.64   1.21  -3.45   0   255   0
86.46 97.62   3.11  3.81   255   0   0
17.94 92.45   2.82  -0.88   255   0   255
86.41 81.07   -2.33  2.87   255   0   0
38.25 3.87   -0.29  -3.0   255   255   0
34.97 82.05   3.71  -2.77   255   0   255
19.31 32.83   3.64  4.67   0   0   255
35.11 50.94   1.8  3.44   0   0   255
93.92 11.53   4.7  -3.21   0   0   255
3.83 59.66   -1.54  2.86   255   255   0
60.62 51.14   -1.15  0.77   0   0   255
4.44 43.61   0.2  3.07   255   0   255
71.94 74.2   1.71  -1.36   255   0   0
94.89 92.08   1.23  1.63   255   0   0
71.98 30.03   -1.91  -0.92   255   255   0
69.72 55.44   -3.08  1.65   255   255   0
67.73 90.28   1.16  -1.99   0   255   255
83.37 30.39   -2.9  2.86   0   255   255
65.47 46.5   -0.58  -2.86   255   255   0
79.37 95.98   2.36  1.59   0   0   255
51.55 63.29   -1.65  3.18   0   255   0
67.28 22.46   -3.01  -4.76   0   255   0
98.39 61.13   2.68  -0.45   255   0   255
57.57 71.83   -1.16  -1.0   0   255   0
65.61 0.55   2.51  2.7   255   0   0
77.84 21.88   3.04  1.96   255   255   0
5.02 24.92   3.48  -0.44   255   255   0
66.76 98.79   0.95  4.5   255   255   0
61.27 71.93   0.05  3.31   0   255   255
44.59 15.92   3.61  -0.5   0   255   0
83.99 27.73   2.78  -0.15   0   255   0
27.46 7.75   -2.14  -2.28   0   0   255
89.3 8.06   -3.49  -1.17   0   255   0
70.64 6.42   -0.92  0.43   255   255   0
6.23 83.29   -1.11  2.7   255   0   255
1.95 88.07   0.76  -0.23   0   0   255
29.86 39.0   3.92  3.36   0   255   255
74.75 54.61   1.03  -2.79   0   255   0
27.29 48.56   -1.11  1.69   255   255   0
72.42 84.05   4.2  4.81   0   255   255
2.7 39.4   0.64  -4.73   255   0   255
42.86 86.69   -3.18  -2.4   0   0   255
21.17 32.68   2.61  -1.21   255   255   0
25.23 8.19   -4.81  0.39   0   0   255
22.42 6.86   4.57  -4.6   255   0   0
94.96 19.94   -4.8  -3.48   0   255   0
47.36 11.44   4.48  -0.35   0   0   255
76.69 16.78   1.07  2.48   255   0   0
77.78 16.38   -1.89  0.79   0   0   255
57.58 90.8   -1.25  4.41   0   255   0
7.6 69.06   1.27  -3.98   0   0   255
85.03 60.04   -3.79  4.84   255   0   0
34.72 42.84   -1.29  0.06   0   0   255
1.27 42.01   -0.1  -0.66   0   0   255
63.56 82.87   2.07  -0.65   255   0   255
52.17 65.05   1.16  4.2   255   255   0
46.49 82.57   0.92  -1.78   0   255   0
83.07 8.67   3.82  -2.56   255   255   0
56.98 66.82   -1.64  -0.06   0   0   255
18.18 21.21   2.98  -1.6   0   255   255
70.12 27.63   -4.9  4.48   255   0   0
24.14 40.64   0.55  -2.6   255   255   0
64.59 49.08   2.93  -4.07   0   255   0
40.44 24.33   1.64  -1.31   0   255   255
53.09 42.55   2.46  -1.69   255   0   255
45.37 30.66   -2.69  2.21   0   0   255
11.96 53.59   2.62  -3.15   0   255   0
73.86 27.65   0.9  2.6   0   255   255
28.3 10.05   -3.06  -2.73   0   255   0
30.23 70.8   -3.73  -4.54   255   0   0
55.34 69.74   -3.74  3.68   255   255   0
10.26 1.23   -2.16  -0.21   0   0   255
18.44 5.14   4.41  -0.22   255   0   0
40.07 7.41   1.29  -4.46   0   255   0
81.11 94.91   -4.15  -2.52   0   255   255
76.44 60.63   2.91  -2.74   0   255   255
38.04 90.85   -2.03  0.89   255   255   0
30.54 62.1   1.1  2.4   0   255   0
62.55 26.46   -4.19  -2.6   0   255   255
7.51 0.27   -0.49  0.94   0   0   255
3.26 28.81   -2.17  3.6   255   0   0
68.74 92.39   2.88  1.25   255   0   255
80.39 19.78   -3.85  -2.75   0   255   0
90.84 82.66   -4.29  -3.34   0   0   255
59.5 82.42   4.21  -0.61   255   255   0
68.87 69.97   4.43  0.0   255   255   0
43.78 59.8   3.89  2.35   0   255   255
25.04 9.13   4.62  3.36   0   255   255
58.71 2.07   2.65  3.21   0   255   255
4.02 75.63   -0.29  1.52   0   0   255
18.15 58.53   1.35  -0.08   255   0   0
47.0 40.83   -1.79  -3.95   0   255   0
32.98 69.37   -2.12  4.45   0   255   255
3.67 8.81   -2.48  -3.84   255   255   0
86.49 82.49   -4.99  3.69   255   255   0
41.32 18.76   -1.38  2.56   255   0   255
44.2 5.16   -2.33  -3.69   0   0   255
43.81 69.83   -3.79  4.73   0   255   255
79.93 70.98   -1.89  -4.86   255   255   0
9.32 99.23   4.13  -0.39   255   0   0
64.77 15.4   4.33  -2.08   255   0   255
27.34 83.47   4.8  -2.56   0   255   255
14.46 19.06   0.99  2.46   0   255   0
86.4 27.62   2.9  -0.85   0   255   255
26.72 0.26   2.26  3.37   0   255   255
99.89 48.96   -3.51  0.39   0   0   255
33.24 76.29   -1.23  4.33   0   255   0
98.08 23.88   -1.17  3.56   255   255   0
4.36 74.47   2.05  3.11   255   255   0
98.84 79.24   1.52  -3.48   255   0   0
12.62 96.54   -1.68  -4.0   255   255   0
9.97 91.04   -4.85  -3.56   255   0   255
97.0 7.48   2.82  -2.35   0   255   255
69.27 64.98   3.52  3.52   0   255   255
38.0 31.67   2.19  2.59   0   255   255
3.59 6.84   1.31  4.21   0   255   0
74.68 43.4   -4.02  1.34   255   0   0
44.37 69.4   4.03  -4.54   255   0   0
29.34 37.48   -3.54  0.31   0   255   255
68.18 18.01   -3.25  1.09   255   255   0
61.97 24.08   4.13  -3.57   255   255   0
63.79 45.96   1.67  3.99   255   255   0
90.12 67.76   -3.42  -0.58   0   0   255
98.77 29.92   4.62  1.9   255   255   0
84.53 19.92   -1.15  -0.17   0   255   0
38.14 35.9   -2.04  1.99   255   0   0
97.79 65.82   -2.26  0.66   255   0   255
77.83 97.36   4.11  2.45   0   0   255
77.57 23.01   3.02  -2.81   0   255   0
62.09 67.78   2.21  1.59   0   255   0
62.82 90.34   1.46  -1.91   255   255   0
3.34 36.49   -3.69  4.1   0   0   255
74.75 17.56   -3.68  0.39   0   0   255
53.09 91.35   3.3  -2.43   255   255   0
96.74 29.51   3.7  3.04   255   255   0
96.29 14.08   4.67  3.6   255   0   255
67.44 39.74   3.46  0.57   255   0   0
79.07 1.39   0.37  -0.45   255   0   255
74.9 26.22   -1.19  1.39   0   0   255
10.83 23.38   -4.75  3.84   0   255   255
32.8 61.01   1.48  1.35   255   255   0
90.94 30.22   -0.92  -3.6   255   0   0
30.44 49.26   -4.03  3.87   0   255   0
38.86 37.1   4.49  1.96   0   255   255
41.91 74.23   -3.45  -0.85   255   0   0
83.37 61.57   4.39  -2.2   255   0   255
37.05 44.34   4.51  3.55   255   0   0
98.09 36.73   4.02  1.45   255   0   0
39.81 18.98   -3.78  3.48   255   255   0
9.17 21.21   1.39  4.71   255   0   0
78.68 24.36   -3.74  0.65   255   0   0
82.98 55.42   0.86  3.13   0   255   0
32.86 14.76   4.01  -4.97   0   255   0
98.75 54.02   2.99  -3.9   255   0   0
13.18 35.82   2.88  0.89   255   0   0
17.42 5.24   2.42  0.26   255   0   255
6.36 44.83   -1.38  0.94   255   255   0
50.38 94.54   -4.57  2.83   255   0   255
52.15 45.8   4.64  -4.39   255   255   0
84.73 42.63   -3.92  2.12   255   255   0
7.35 8.08   1.08  -4.34   0   0   255
62.43 58.54   2.12  -1.19   0   255   255
53.06 45.37   1.05  -4.01   255   0   255
11.44 65.47   3.78  0.51   0   255   0
43.01 88.81   -0.86  3.27   255   255   0
41.6 9.51   -0.73  1.65   0   0   255
95.36 68.68   -0.26  -4.09   255   0   0
9.32 9.66   2.39  3.12   0   255   255
6.0 95.66   0.62  1.7   255   255   0
35.36 66.53   2.5  3.68   255   0   255
5.14 28.76   -1.88  -3.96   0   255   255
21.27 65.67   -2.76  -3.92   0   255   255
36.76 76.26   0.74  3.07   0   255   255
97.45 81.84   1.14  1.43   255   0   0
60.9 65.78   1.93  -4.71   0   0   255
70.27 30.9   -1.6  -4.94   0   255   0
56.63 40.08   -3.58  1.33   255   0   0
9.18 53.05   -1.24  -0.46   0   255   0
37.01 72.16   2.77  0.68   255   0   0
88.33 15.56   2.54  -4.5   255   0   0
27.21 66.19   -0.14  -0.58   0   0   255
21.56 51.23   -1.55  -3.89   255   0   255
67.85 48.66   1.67  -4.55   255   255   0
98.44 5.48   -2.96  4.45   0   255   0
76.42 28.94   -3.8  -0.03   255   255   0
17.57 38.02   2.04  0.0   255   0   255
80.62 7.21   3.62  -4.58   255   0   0
45.98 7.79   -1.87  -0.71   255   255   0
70.95 41.77   -3.85  -4.79   0   0   255
17.19 94.76   -0.4  1.9   0   0   255
8.81 84.45   -2.57  0.89   0   255   255
7.86 87.05   2.46  -2.78   0   255   0
7.64 63.32   0.31  -3.06   0   0   255
35.11 95.82   1.45  -3.52   255   0   0
14.64 19.73   1.02  2.6   255   0   255
7.54 95.13   1.28  -0.36   0   255   255
75.99 44.89   4.24  0.64   255   0   255
98.65 32.32   4.71  -1.84   255   255   0
6.83 44.22   -1.97  -2.25   255   0   0
35.19 7.42   -0.38  -4.62   0   0   255
83.17 7.67   3.64  3.55   0   255   255
59.41 38.45   0.8  4.54   255   0   255
89.59 44.97   3.1  1.52   0   0   255
60.5 50.14   4.58  -0.49   0   0   255
98.24 8.43   1.46  -4.61   255   0   255
43.78 43.94   0.23  -3.41   0   0   255
91.79 38.74   2.74  1.79   255   0   0
78.92 64.73   -4.34  -4.05   255   0   255
38.66 25.2   3.52  4.64   0   255   255
87.33 33.34   0.83  -3.59   0   0   255
31.02 65.61   1.62  -3.71   255   0   255
93.8 30.96   -1.23  2.92   0   255   0
67.01 82.9   2.39  1.85   0   255   255
9.35 67.05   0.08  -4.82   0   0   255
18.03 21.42   4.48  -0.14   0   255   0
100.0 15.49   -2.04  2.88   0   255   255
77.09 83.51   3.84  -4.62   0   0   255
87.64 61.8   0.97  -3.46   0   255   0
83.13 77.11   3.09  -3.34   255   255   0
4.37 36.43   2.2  4.7   0   255   255
28.49 74.85   -0.51  0.34   0   0   255
96.56 78.44   4.04  -3.06   255   0   255
94.71 98.44   -0.38  -2.18   255   255   0
50.29 41.87   -3.38  -3.0   0   255   255
13.84 25.0   1.41  3.74   0   255   255
93.43 71.14   0.16  -3.75   255   0   0
76.31 27.28   4.05  -3.53   255   255   0
9.17 91.05   3.17  3.85   255   0   0
41.49 39.65   -1.26  -1.14   255   0   0
37.49 2.82   4.31  3.39   255   0   255
33.53 14.6   -4.62  4.17   255   255   0
69.61 13.88   2.06  -0.51   255   0   0
90.59 1.9   -2.84  -3.5   255   0   255
60.89 42.33   2.76  -2.62   255   0   0
4.77 41.98   2.94  -0.43   255   0   0
83.67 49.98   0.36  1.32   0   255   255
24.19 14.36   -0.71  1.15   0   255   0
57.07 18.73   1.68  0.23   0   0   255
6.77 52.61   0.07  4.88   0   255   255
2.03 87.33   -4.56  -1.13   0   0   255
25.37 1.62   2.89  -1.55   255   0   255
65.71 10.37   0.82  2.57   0   255   0
4.43 54.6   3.14  -3.25   255   0   255
46.46 69.54   1.32  3.11   255   0   0
71.6 94.36   -4.63  -2.98   0   255   0
88.58 31.56   -1.9  -1.02   0   255   255
47.34 3.66   1.47  -2.14   255   0   0
86.58 33.19   -3.76  -1.32   255   255   0
74.33 89.46   -1.13  4.74   255   255   0
69.21 36.73   2.97  -2.33   255   0   0
72.71 7.89   1.02  3.22   0   255   255
29.38 10.26   -1.72  -2.04   255   255   0
60.26 42.61   1.9  -1.48   255   0   0
72.68 91.16   1.15  -0.65   255   0   255
98.0 94.79   -4.25  1.38   0   0   255
51.31 74.99   -3.4  -4.69   0   255   255
67.81 43.82   -3.74  -2.64   255   0   255
36.63 38.29   0.67  1.05   255   0   255
44.99 37.1   -0.56  -4.23   0   255   0
52.95 39.8   1.5  -2.5   255   0   0
2.59 18.6   0.18  4.14   255   0   0
26.18 26.03   -0.54  4.96   0   0   255
69.4 99.86   -3.0  -3.64   255   0   0
45.2 89.87   -0.55  -4.12   255   0   255
96.76 98.66   1.68  2.1   0   255   255
54.22 89.13   3.51  2.12   255   0   255
63.77 79.37   0.09  -3.79   0   255   0
79.21 23.67   -0.06  -1.39   0   255   255
36.89 80.37   0.52  1.12   255   0   0
6.57 39.82   2.17  -0.21   255   255   0
76.92 82.33   -4.26  4.72   255   0   255
7.42 46.58   0.17  -3.72   0   255   255
63.98 18.2   4.66  -0.67   255   0   0
83.14 51.81   -1.96  -3.38   255   0   255
22.55 94.75   0.19  -2.16   255   0   0
25.06 63.51   0.51  -3.75   0   0   255
61.44 9.34   1.41  0.92   0   255   255
15.42 65.87   2.21  1.05   0   255   255
4.12 86.38   -4.19  4.49   0   255   255
26.47 21.08   0.72  1.18   255   0   0
49.8 62.72   -2.1  4.57   255   255   0
24.49 80.73   -0.94  -0.46   255   0   255
5.99 43.96   -0.16  -2.96   0   255   255
14.37 86.15   -1.81  4.88   0   0   255
97.54 13.08   -1.29  0.62   0   0   255
24.17 12.25   -0.5  -3.59   255   0   0
29.02 38.41   1.15  -2.52   0   255   0
81.35 93.38   2.21  -3.1   0   255   0
49.83 51.47   -0.01  -1.91   255   0   0
9.0 39.32   -0.43  -2.59   0   255   255
35.29 5.05   -0.05  3.82   255   0   255
67.25 28.57   -4.92  -3.93   0   255   0
88.25 72.75   2.64  -1.34   255   255   0
5.12 56.18   -1.37  -2.11   255   255   0
50.43 76.44   -2.2  4.89   255   0   255
61.1 12.87   -4.03  -1.27   0   0   255
55.78 36.56   -3.56  1.02   255   255   0
50.01 4.53   -3.63  -1.67   255   255   0
51.93 14.89   3.93  -3.6   0   255   255
31.85 39.3   1.17  3.43   0   255   255
33.64 82.83   0.32  2.09   0   0   255
47.49 1.66   -1.69  -3.9   255   255   0
58.37 79.68   2.25  1.88   255   0   0
59.69 26.55   1.56  4.72   0   255   255
57.76 72.14   0.84  -3.29   255   0   255
72.12 77.46   -1.2  3.22   0   255   0
3.16 94.82   -3.9  -4.81   0   0   255
41.88 41.3   -2.96  0.02   0   255   255
92.05 87.28   2.36  -4.38   0   255   0
51.87 56.09   4.98  -0.22   255   255   0
31.38 17.32   4.12  -1.58   0   0   255
67.59 86.77   1.81  3.04   0   0   255
61.01 19.23   -2.53  0.58   0   255   0
94.15 98.23   2.71  2.05   255   0   255
70.5 31.7   -1.51  4.34   255   0   255
27.35 12.19   1.77  -1.2   255   255   0
81.84 95.46   3.05  -2.1   0   0   255
95.53 7.9   4.24  1.56   255   0   255
47.91 20.21   0.39  4.33   255   0   255
27.16 10.92   2.41  -2.61   255   0   0
66.98 53.1   1.38  -4.48   255   255   0
33.03 47.24   1.81  -3.63   0   255   255
97.79 15.79   1.53  3.81   255   255   0
47.74 19.95   4.64  -1.79   255   0   255
5.92 76.87   1.52  -2.68   255   0   255
72.31 93.67   4.13  -3.25   0   255   0
93.39 3.63   3.36  2.88   0   255   0
93.66 96.21   4.26  3.77   255   0   0
29.84 60.28   4.28  -1.65   255   255   0
98.91 54.33   -0.06  4.39   0   255   255
46.8 19.28   -3.87  -3.38   255   255   0
64.83 71.86   -4.86  -1.63   0   0   255
56.78 75.73   -3.25  3.56   255   255   0
82.7 51.53   -4.13  1.69   0   255   0
98.17 47.75   4.36  -4.93   255   255   0
23.55 75.38   4.54  -1.98   255   0   255
57.29 26.16   -1.4  -2.64   255   0   255
11.82 30.68   -0.95  0.03   255   0   255
76.98 69.03   1.39  4.41   0   0   255
61.46 21.91   -3.66  -3.47   255   0   255
98.88 37.36   2.02  4.13   0   255   255
80.2 82.56   2.62  1.8   0   255   255
87.31 8.19   -0.53  2.04   255   0   0
91.72 11.22   3.29  4.03   0   255   0
57.27 14.99   -1.72  0.2   255   0   0
68.03 71.69   -0.11  3.99   255   255   0
80.87 45.34   0.13  -0.43   255   0   0
55.88 67.28   -1.92  -4.78   0   0   255
81.65 74.58   0.78  -4.55   0   0   255
70.04 54.12   -4.4  3.94   255   255   0
3.17 40.89   2.69  2.66   255   0   255
64.59 42.04   4.93  -1.18   255   255   0
37.56 68.27   1.62  0.39   255   0   255
86.03 11.86   4.93  -1.07   0   255   0
72.79 22.27   -4.97  -4.77   0   0   255
46.3 71.91   -0.76  -1.21   0   255   0
24.75 34.62   -2.24  4.37   255   0   255
76.55 3.22   1.6  1.15   255   0   0
24.07 6.73   0.94  -0.54   255   0   255
70.33 4.87   2.41  -0.98   0   255   0
53.98 75.44   2.76  -3.6   0   0   255
23.42 91.64   0.76  0.77   255   0   255
81.84 23.69   3.76  4.86   0   255   255
22.1 30.05   -4.39  4.49   255   0   255
91.16 62.6   -0.73  -0.04   0   0   255
94.16 67.13   2.86  -1.81   255   255   0
40.83 29.99   -3.16  0.38   0   255   0
84.93 30.07   2.08  3.06   255   0   0
56.24 96.78   0.57  -3.66   0   255   0
25.5 33.03   -4.21  -0.5   0   0   255
9.25 72.46   -3.1  -2.32   255   0   255
60.5 3.95   -4.27  3.05   0   255   255
72.43 55.89   -0.21  3.69   0   0   255
30.32 90.9   -2.88  -3.1   255   0   255
11.73 99.96   -0.21  -2.57   0   255   255
70.38 39.66   -2.61  -1.78   0   0   255
38.07 53.37   -1.41  -2.38   0   255   255
88.28 46.6   3.03  2.22   0   0   255
91.43 37.07   -0.86  0.63   0   255   0
74.13 1.62   0.53  0.84   255   0   255
41.76 15.24   -1.7  -1.2   0   255   0
49.93 65.46   1.85  -2.43   255   255   0
96.65 64.17   -0.09  -3.32   0   0   255
16.93 72.03   -0.12  4.17   0   255   255
99.03 95.72   0.24  3.39   255   0   0
94.52 66.82   2.64  -0.88   255   0   255
23.14 70.72   -4.91  0.06   0   0   255
6.05 63.77   4.34  4.13   255   0   255
48.79 0.66   0.52  -4.88   0   255   255
72.22 53.57   -2.13  0.02   255   0   255
67.4 80.62   4.1  -3.93   255   0   0
52.44 24.1   1.2  -2.48   0   0   255
26.73 39.69   -1.27  -0.94   0   255   255
24.32 69.72   -2.0  3.28   255   0   0
65.37 85.82   2.6  -4.06   255   255   0
37.72 47.6   1.37  2.03   255   0   0
49.99 43.39   2.84  0.66   255   0   0
89.48 91.92   -2.7  4.01   255   0   255
88.76 47.55   -4.53  -4.26   0   0   255
89.93 56.35   -4.67  4.29   0   0   255
1.57 20.72   -3.56  3.21   255   255   0
92.89 29.93   0.64  0.67   255   255   0
67.7 54.06   -1.16  2.4   255   0   255
72.42 50.08   4.74  -4.46   255   255   0
23.21 7.6   1.05  1.14   0   255   255
39.67 77.36   -4.7  -2.27   255   255   0
49.06 35.58   4.41  -0.68   255   0   255
58.59 38.01   2.72  -2.05   0   255   0
71.31 8.2   -3.46  2.12   255   0   255
15.43 38.96   -1.39  -4.08   0   0   255
44.47 76.13   -3.98  -4.13   255   255   0
44.88 55.47   -0.92  -4.74   0   0   255
55.42 59.69   2.84  3.64   255   0   0
29.18 38.78   -4.15  4.01   0   255   0
57.2 16.96   -1.19  -3.61   0   0   255
26.84 14.59   -3.33  -2.24   0   0   255
48.42 7.69   -2.48  -2.53   255   0   255
49.58 61.67   -0.42  -3.65   255   0   0
94.88 33.22   1.2  3.04   0   0   255
44.02 43.06   3.24  1.51   0   255   255
13.61 32.07   4.47  -2.99   0   0   255
17.76 39.82   -1.81  2.35   255   0   255
49.1 57.59   -2.58  -1.24   255   255   0
36.5 93.21   -3.0  4.97   0   255   0
68.17 55.01   4.53  -0.38   255   0   255
20.96 79.77   3.31  -4.31   255   255   0
67.3 13.92   -1.97  -2.47   0   255   0
71.52 78.91   -4.26  4.91   255   255   0
58.22 53.44   4.23  3.7   255   255   0
54.36 79.07   -1.4  3.96   0   255   255
59.38 91.44   -3.91  -2.52   255   0   255
35.5 64.7   -4.56  4.84   255   0   255
64.67 96.68   -1.68  2.96   255   0   0
1.05 25.87   0.11  0.19   0   255   255
68.77 22.1   -1.26  -0.37   255   0   255
58.86 50.05   -1.55  -4.75   255   0   0
29.54 92.05   -4.14  3.31   255   0   255
14.17 31.19   -0.45  -2.93   255   255   0
34.83 9.76   2.22  -0.48   255   0   0
30.03 81.02   -3.85  3.49   255   0   255
10.94 80.01   4.3  2.4   0   255   255
17.45 16.01   0.6  4.58   0   255   0
79.78 62.98   -3.14  1.57   255   255   0
2.92 61.41   -3.03  0.92   255   255   0
0.45 21.48   -2.22  2.04   255   0   0
57.73 79.95   0.37  -1.34   0   255   0
45.76 26.24   3.63  0.28   255   0   255
31.34 38.86   -1.07  -3.86   0   0   255
84.55 61.74   3.14  2.06   0   0   255
91.87 59.02   1.72  -1.87   0   255   0
30.54 18.3   1.93  0.11   255   255   0
59.64 57.48   -0.77  -0.13   0   255   255
69.34 64.53   5.0  0.55   255   255   0
28.88 18.71   3.42  1.19   0   0   255
95.18 48.46   -3.05  -1.16   0   255   255
50.54 49.5   1.85  -0.84   255   255   0
48.87 8.27   -4.69  2.61   0   0   255
3.27 22.48   -2.11  2.81   0   255   255
74.25 76.59   0.5  -3.87   255   0   0
26.79 54.31   4.91  0.42   255   0   0
76.0 44.14   -2.81  -0.75   255   0   255
83.01 75.13   -2.02  4.99   255   255   0
26.28 86.22   -4.13  3.65   255   0   0
77.56 23.69   3.11  0.88   0   0   255
86.1 61.03   -0.72  1.16   0   255   0
81.35 80.54   0.7  0.32   0   255   255
53.88 32.37   2.04  -2.11   0   0   255
95.24 51.44   4.0  3.15   0   255   0
96.28 78.57   4.19  4.92   255   0   255
12.69 86.61   -2.5  2.11   0   255   0
76.15 67.62   -0.11  0.77   0   0   255
62.78 37.52   -4.24  2.95   255   0   0
40.29 74.98   1.95  3.77   255   255   0
95.03 32.73   -4.98  2.74   255   0   255
9.31 97.22   1.35  1.97   255   0   0
79.57 39.77   4.68  3.25   255   255   0
26.85 82.83   -1.62  0.78   0   255   255
85.24 78.83   3.94  2.62   255   0   0
9.96 78.39   -0.4  -3.76   0   255   0
44.13 0.07   4.58  -2.98   255   0   255
90.94 88.21   -1.98  3.74   0   0   255
9.33 36.04   -4.18  1.65   255   0   255
16.55 39.63   -1.94  1.99   0   255   0
42.92 9.12   -4.05  -2.87   255   0   0
13.27 22.62   1.8  -4.91   255   0   255
34.36 12.06   3.6  1.94   255   255   0
7.08 38.31   2.31  -3.98   0   0   255
36.76 29.93   -1.17  3.13   0   255   0
64.16 67.71   -4.32  0.63   0   255   255
65.0 44.01   2.22  1.28   0   255   0
91.99 61.61   -0.58  -2.83   255   0   0
14.0 12.32   2.3  -1.48   255   255   0
31.45 13.98   -2.23  -4.16   0   255   255
60.1 72.12   -2.15  4.41   255   0   0
84.79 65.84   -1.98  0.18   0   255   255
18.86 39.18   1.46  2.84   0   255   0
49.49 11.27   -0.0  0.94   0   255   255
88.87 1.21   -1.39  -1.84   255   255   0
86.08 56.84   -1.35  1.83   255   255   0
95.45 77.04   -4.83  -4.32   0   0   255
21.57 92.26   4.49  -1.02   0   0   255
62.86 50.1   -0.85  2.02   255   0   0
64.05 53.77   -3.47  -4.16   255   0   0
51.13 20.32   3.08  0.36   255   255   0
58.64 76.32   1.5  1.43   0   0   255
69.87 73.0   3.46  -4.42   255   0   0
92.46 11.6   1.12  -4.45   255   0   255
74.17 74.07   -3.81  2.08   255   0   255
1.14 49.64   -1.53  0.17   255   0   255
25.92 37.19   2.5  3.73   255   0   255
88.64 77.14   -4.71  3.07   0   0   255
52.39 26.29   4.75  1.28   255   255   0
45.52 36.01   -0.0  0.67   0   0   255
15.73 77.33   3.94  1.74   255   0   0
22.84 50.88   -4.56  3.63   0   255   0
4.6 36.4   4.2  -3.21   255   0   0
55.29 91.39   2.41  -0.81   0   0   255
24.83 91.59   -1.8  3.26   0   255   255
37.28 50.2   4.02  -3.21   0   255   255
98.14 95.41   -4.31  -0.35   0   0   255
77.35 31.07   -4.14  -0.43   0   0   255
20.07 56.38   -1.96  1.23   255   255   0
36.83 97.19   4.98  2.76   255   0   255
90.04 76.05   -2.55  -4.94   255   255   0
2.39 54.15   1.36  1.93   255   0   0
95.1 0.15   1.57  3.49   255   0   255
30.75 20.52   4.83  -0.8   255   0   0
97.26 14.24   -2.2  -4.56   0   255   0
89.73 51.98   2.01  -1.28   255   0   255
8.49 9.56   -3.66  3.2   255   0   0
59.19 6.23   1.62  -3.69   0   0   255
26.1 31.5   3.01  2.01   255   0   255
32.63 45.28   -2.66  4.44   0   255   0
77.99 58.47   -3.45  -3.36   255   255   0
31.4 12.07   -1.42  2.7   255   255   0
30.83 26.5   -3.8  -3.42   255   0   255
30.42 70.47   1.03  -2.85   0   0   255
14.83 71.12   4.68  -1.04   255   0   0
67.72 26.02   4.91  -4.69   255   255   0
85.46 55.6   0.5  -4.05   255   0   0
80.39 13.98   -4.88  3.3   0   255   0
13.07 82.37   -1.28  1.3   255   0   255
8.4 58.61   4.17  -4.25   255   0   0
19.78 64.6   3.09  -4.08   0   0   255
12.25 94.23   -4.49  4.24   255   255   0
82.17 39.5   -4.71  1.83   0   255   0
35.39 90.83   -2.25  -0.54   0   255   0
3.46 61.92   -2.54  -2.05   255   255   0
88.28 47.9   -4.12  -1.17   255   255   0
19.95 88.47   0.26  1.31   0   255   255
79.48 98.94   2.82  -1.41   0   255   255
78.14 34.4   0.66  -1.78   0   0   255
17.98 31.89   -2.81  3.96   0   0   255
5.86 99.15   0.29  2.67   0   255   0
97.4 10.01   1.57  -2.33   255   0   255
5.59 99.64   -2.81  3.47   255   255   0
35.48 83.92   3.45  -3.24   0   255   255
31.8 73.81   -1.41  0.92   255   0   255
70.06 94.76   0.64  0.63   0   255   0
83.67 81.04   4.7  0.42   0   255   0
49.04 9.03   -2.67  -2.81   0   255   255
47.8 33.17   1.14  3.06   0   0   255
71.69 91.88   3.44  -1.76   255   0   0
14.77 70.47   -3.58  -3.89   0   255   255
86.07 96.06   -1.26  4.42   255   255   0
58.6 33.66   -1.77  4.76   255   0   255
94.87 79.18   4.61  1.49   0   255   0
70.72 56.2   3.9  1.14   0   0   255
22.32 58.9   -3.25  -1.93   255   0   255
29.45 17.77   -4.98  2.02   0   255   255
39.16 99.43   4.65  -4.68   0   255   255
31.82 80.88   1.11  1.4   255   0   0
93.67 14.06   2.45  -2.62   0   0   255
16.79 88.53   -4.11  2.09   255   0   255
72.93 33.57   -4.89  -2.9   255   0   255
6.78 25.67   -3.92  -4.99   255   255   0
43.82 41.97   -3.34  -0.86   255   255   0
35.12 37.53   3.29  2.89   0   255   255
65.1 68.72   -3.37  -4.26   255   0   0
29.49 31.87   4.52  -4.26   0   255   0
88.79 16.09   -4.25  4.42   255   0   0
33.8 98.53   3.93  2.05   255   255   0
94.24 16.5   3.9  -3.43   255   0   0
33.11 97.44   -0.91  0.54   255   0   255
54.01 66.06   -2.03  -4.04   255   255   0
57.18 83.99   -3.46  -1.39   255   255   0
8.76 82.39   1.25  -0.2   255   0   0
2.57 17.08   -2.08  -4.18   255   0   0
30.84 39.75   -0.11  1.61   255   0   0
64.19 38.75   -1.29  -1.19   0   255   0
44.58 26.33   -0.35  -2.74   0   0   255
56.42 15.11   1.96  -4.03   255   0   255
34.38 54.14   4.71  0.9   0   255   255
6.1 38.71   0.23  4.66   255   0   255
86.69 47.48   3.82  -0.24   255   0   0
39.48 85.39   -4.65  0.71   0   255   255
80.05 67.75   1.2  -3.8   255   255   0
17.29 98.44   4.72  3.08   0   255   0
4.27 7.84   1.83  -2.98   255   0   255
14.79 59.5   -1.8  2.27   255   0   0
8.7 55.64   0.52  3.57   0   255   255
45.82 87.35   2.87  1.23   0   255   255
78.17 11.25   -3.5  0.67   0   255   255
75.84 93.96   4.25  0.63   255   0   0
78.57 86.75   3.8  3.78   0   0   255
38.3 48.56   1.09  -4.63   0   0   255
40.3 61.82   1.81  -0.98   255   255   0
88.96 33.15   -2.62  2.46   0   0   255
89.7 2.02   3.17  -1.97   0   0   255
84.28 85.82   1.85  4.72   0   255   0
13.44 97.42   -0.57  3.26   0   0   255
72.88 60.5   -4.11  -0.58   255   255   0
74.09 75.95   3.67  3.21   0   255   255
79.15 6.56   2.1  -0.97   0   255   255
87.93 2.89   -3.07  3.33   255   0   0
24.95 45.64   4.18  2.05   0   0   255
36.84 46.42   -1.03  4.23   255   0   255
3.06 37.25   0.94  -3.22   255   255   0
58.69 34.98   -3.36  3.94   255   0   255
83.09 9.04   -4.73  -4.5   0   255   255
77.98 21.43   -2.79  -2.75   0   255   0
26.91 40.95   -4.8  2.8   255   0   255
0.89 91.15   1.47  1.01   255   0   0
22.38 60.83   4.43  2.13   255   0   255
64.27 42.38   -1.24  -1.51   0   0   255
21.82 30.21   0.21  1.24   0   255   255
10.23 51.15   1.62  3.43   0   0   255
56.15 59.38   -2.17  1.84   255   255   0
6.38 98.84   1.41  3.61   0   0   255
65.61 95.22   1.51  -3.12   0   255   255
76.55 89.97   3.05  3.02   0   255   255
40.41 31.96   -3.6  -4.75   255   255   0
99.75 25.94   -0.81  -1.12   255   0   0
58.3 99.48   3.16  -1.57   255   0   255
22.24 53.46   2.85  4.07   255   0   255
35.85 30.02   -3.3  1.58   0   255   255
18.11 9.76   -3.72  -2.41   0   255   255
76.29 18.31   1.8  -1.64   255   0   0
22.23 22.33   3.71  -0.8   0   0   255
37.17 58.56   -0.36  -3.82   255   0   0
86.64 58.36   4.44  -4.29   0   255   0
50.05 86.75   -1.18  -2.02   255   0   0
87.08 15.08   4.92  -1.57   0   255   255
89.28 98.66   -3.57  3.62   0   255   0
77.89 48.76   1.31  -3.23   255   0   255
5.8 45.21   -2.91  2.74   0   255   255
76.45 48.96   2.64  -4.12   0   255   255
43.37 42.94   -0.71  -0.23   255   0   0
3.77 19.94   -1.27  -4.86   0   0   255
75.68 53.1   -4.82  -4.96   255   0   255
24.88 69.35   -1.56  -3.71   255   255   0
50.33 30.61   -4.35  -4.54   0   0   255
45.59 52.03   0.24  -0.66   255   0   255
99.55 34.27   4.01  -1.41   0   255   0
16.49 90.69   3.12  -4.81   0   255   0
72.72 13.12   2.34  0.9   0   255   0
12.32 71.11   2.92  -1.25   255   0   255
25.58 53.47   -4.51  4.95   255   0   255
10.81 83.61   -4.52  -3.84   255   255   0
38.03 54.73   -0.26  -3.47   255   0   255
68.57 0.93   -0.79  -3.99   0   255   255
27.0 60.56   -3.63  3.31   255   0   0
51.16 61.77   -2.17  2.85   255   255   0
19.86 19.97   -2.37  0.23   0   255   0
35.79 40.98   -3.4  0.48   0   255   0
68.82 48.07   -2.65  -4.87   255   0   0
90.69 83.52   1.69  -3.51   255   0   0
77.95 7.5   2.24  4.05   255   0   255
23.12 98.87   -2.04  -0.36   255   0   0
81.32 87.41   3.52  -1.4   255   0   255
31.27 73.85   -4.05  2.58   255   0   0
0.97 13.84   1.47  -1.71   255   255   0
95.51 26.83   2.33  -1.27   0   0   255
18.29 40.08   4.62  -2.28   255   255   0
68.99 47.82   -0.78  3.86   0   255   0
11.31 69.62   -4.41  4.42   0   255   0
10.37 91.12   -0.17  0.69   255   255   0
18.13 37.98   -1.41  -4.71   255   0   255
88.0 72.73   3.92  -0.17   255   255   0
11.29 41.13   -4.54  -2.38   0   0   255
1.24 86.83   0.25  2.44   255   0   255
56.5 97.79   1.7  -1.62   0   255   255
68.82 61.82   -0.67  2.27   255   255   0
34.57 67.63   -1.15  3.39   0   255   255
89.21 61.29   -4.88  4.34   0   255   255
84.88 85.19   3.69  -4.25   255   255   0
32.06 33.09   -2.22  0.07   0   255   255
64.33 40.33   -2.65  -0.41   0   255   255
44.81 85.66   -0.53  -3.81   255   255   0
74.52 1.78   -0.97  -4.64   0   255   255
0.02 9.09   1.04  1.19   0   0   255
89.01 56.23   1.55  -0.44   0   0   255
36.33 5.43   -2.77  -0.46   0   255   255
76.74 60.0   2.17  -1.37   255   255   0
11.4 75.93   -2.78  -1.59   255   0   255
96.44 29.2   0.22  2.02   255   0   0
89.69 49.24   3.22  2.43   255   255   0
10.7 61.09   -3.12  4.3   255   255   0
21.56 82.46   -3.09  -1.62   255   255   0
4.65 63.32   1.72  -3.77   255   255   0
45.74 58.93   0.04  4.64   255   0   0
53.04 4.86   4.35  3.39   255   255   0
92.44 78.11   4.1  1.92   0   255   0
73.05 12.84   -1.13  1.01   0   0   255
50.41 38.47   4.8  4.16   0   255   0
27.36 96.36   4.7  -0.47   0   255   0
13.82 60.25   3.86  0.12   255   0   255
54.78 31.39   2.37  0.54   0   255   0
20.09 62.42   -2.09  -1.55   255   0   255
13.27 71.04   4.75  -3.22   0   255   255
69.43 32.24   -3.85  -1.48   255   255   0
58.28 94.27   2.1  1.74   0   255   255
28.59 84.73   3.08  0.23   255   0   0
38.09 5.31   -4.43  -2.33   0   255   0
98.35 68.34   -3.54  -4.38   0   0   255
20.4 54.12   -1.41  -0.47   0   255   255
86.8 73.95   3.65  2.42   0   255   255
38.89 51.09   2.97  1.96   255   0   255
66.45 92.65   -1.12  4.57   255   0   255
31.27 55.21   -4.87  -2.49   0   255   255
86.88 86.04   -0.57  -2.74   255   0   255
70.46 64.76   2.55  0.47   0   255   255
19.65 72.49   -3.07  -0.51   255   0   255
7.45 96.25   2.35  -3.81   255   0   0
42.85 55.66   -3.7  0.84   0   0   255
0.56 46.63   4.37  -4.6   0   0   255
59.69 77.37   1.25  3.43   0   0   255
49.06 57.27   -1.42  2.84   0   0   255
52.54 95.7   0.21  2.86   0   255   0
41.59 53.7   -4.08  -2.79   0   255   0
66.33 33.11   -2.06  4.5   0   255   255
53.05 99.66   3.24  4.81   255   0   0
11.47 34.6   -2.6  1.42   0   255   255
24.38 3.99   3.86  -1.19   255   0   0
38.59 54.02   -2.17  4.11   0   0   255
51.43 50.87   -0.13  -2.04   255   0   255
19.25 51.39   4.48  -3.33   0   255   255
53.32 62.69   -2.89  1.3   0   255   0
86.5 42.42   -3.96  0.38   255   0   255
87.86 74.14   -0.65  3.17   255   0   0
74.69 15.38   -0.41  -1.68   255   0   0
7.32 17.8   -2.48  -4.3   0   255   0
91.1 40.76   -0.49  -0.96   0   0   255
1.69 67.33   0.35  1.41   0   255   255
6.32 74.6   -4.54  3.48   0   0   255
92.8 10.61   2.87  -1.99   255   0   0
28.15 92.67   -1.19  3.22   255   0   0
47.4 53.35   -3.64  -1.09   0   255   255
29.5 63.4   -2.02  3.87   255   0   255
64.79 95.74   -4.89  3.75   0   255   0
12.32 0.5   0.97  0.37   255   0   0
30.47 74.83   4.04  -1.56   255   255   0
90.56 85.15   -3.58  -3.16   0   255   255
83.47 19.43   -3.19  3.0   255   0   0
85.14 93.24   4.94  -0.39   0   255   255
7.31 67.17   -2.49  -3.03   0   255   255
48.72 33.09   -3.72  1.55   255   0   0
28.51 6.98   -3.07  -0.14   0   0   255
61.63 30.57   0.84  0.66   0   0   255
80.77 95.87   -3.31  -1.87   0   255   0
71.22 64.08   -2.23  -1.41   255   0   255
73.3 87.79   -0.37  -1.41   0   0   255
48.7 10.88   1.46  -4.18   0   0   255
85.87 14.0   0.39  -2.37   255   0   255
7.65 7.54   -4.81  0.07   255   0   0
81.26 57.89   2.69  -2.87   255   0   0
55.16 54.35   4.99  -0.28   0   255   0
36.58 22.33   2.72  2.33   0   0   255
13.39 50.11   -4.09  -1.36   255   0   0
66.27 84.8   3.07  1.14   0   255   0
75.72 14.04   -3.41  0.66   0   255   255
65.94 96.77   2.36  -0.16   0   0   255
4.04 76.15   -2.68  -2.36   0   255   0
4.28 20.68   4.08  -1.39   255   255   0
91.79 88.16   -4.6  1.49   255   0   0
70.37 52.14   3.3  3.35   0   0   255
57.86 57.02   -1.23  -1.21   0   255   255
65.33 83.55   0.17  -1.24   0   255   0
51.64 35.29   3.68  -0.13   255   255   0
88.72 0.66   3.82  -0.6   0   255   0
7.71 64.35   -2.88  -3.13   0   0   255
60.2 81.7   1.61  -0.85   0   0   255
72.03 48.15   -0.21  -2.89   0   255   0
64.73 41.09   -2.56  -3.72   0   255   255
16.11 62.95   -4.61  0.72   255   0   0
16.63 92.24   0.17  -0.95   0   255   255
63.76 87.85   2.28  3.21   255   0   0
21.66 60.65   -0.29  -0.18   0   255   0
83.04 60.08   2.95  3.2   0   255   0
62.32 51.08   -3.32  1.86   255   255   0
59.65 6.88   -1.22  -3.68   255   0   0
20.23 85.96   0.04  -0.8   0   255   0
60.55 17.74   4.02  1.0   0   255   255
50.33 11.75   -0.18  -3.7   0   255   255
53.93 0.12   4.38  1.79   255   255   0
52.2 37.04   -4.57  0.3   0   255   0
93.84 48.21   2.69  -1.49   255   0   255
90.79 83.72   0.76  -0.75   0   0   255
47.71 23.25   3.59  -2.17   0   255   255
40.86 18.9   2.09  2.89   0   255   255
52.25 51.98   -1.25  -2.95   0   0   255
40.88 10.66   -0.74  0.85   0   0   255
85.5 42.36   -1.34  -2.24   255   0   255
39.75 20.37   0.52  0.58   0   255   0
37.02 55.49   -2.46  -1.93   0   0   255
77.42 39.81   -3.62  3.64   255   0   0
74.78 44.66   1.99  -3.38   0   255   0
50.83 78.61   3.01  1.14   255   0   255
70.68 16.07   4.65  -4.95   255   0   0
82.33 47.17   1.0  -4.12   0   0   255
22.18 8.0   -4.62  -1.16   255   255   0
61.4 52.1   2.12  0.97   0   255   0
64.03 43.9   -2.98  1.57   0   255   255
28.6 3.36   1.0  0.16   0   255   0
61.52 67.4   -1.4  1.55   0   255   0
8.68 27.59   -1.01  1.7   255   255   0
58.61 51.77   2.37  -4.31   255   0   0
54.96 72.61   0.59  0.83   0   0   255
96.33 27.65   1.06  -3.05   255   255   0
57.49 26.11   -0.93  -3.94   255   0   0
50.32 34.0   -3.83  0.13   0   0   255
87.61 81.31   0.75  1.94   255   255   0
56.32 77.0   2.57  4.61   255   255   0
68.16 89.65   3.62  -0.18   0   0   255
6.76 63.37   4.94  1.77   0   255   0
80.02 41.24   -1.47  0.36   255   0   255
83.22 24.83   -4.07  1.74   0   0   255
7.6 93.14   -0.23  -1.46   0   255   255
26.91 94.71   1.83  4.1   255   255   0
73.71 23.49   -2.58  -2.35   0   255   0
20.28 24.97   1.19  -3.44   255   0   0
11.99 7.85   4.56  -0.07   255   0   0
76.42 54.15   -4.58  -0.18   0   255   255
31.54 89.81   3.81  0.75   0   0   255
49.08 98.44   4.16  -2.2   0   255   0
75.02 12.82   0.26  -0.77   0   255   255
3.26 34.73   3.6  2.76   255   255   0
97.65 69.82   -0.4  1.89   255   0   0
67.41 37.94   -3.99  -1.38   0   0   255
18.72 26.28   -2.31  4.59   0   0   255
36.59 49.88   -2.89  2.01   0   0   255
36.51 40.06   -0.49  0.71   0   255   255
68.6 81.42   2.21  3.04   0   255   255
43.22 38.09   -3.54  4.59   0   255   0
47.3 0.97   -0.78  -3.66   255   0   255
51.7 72.06   2.85  -2.0   0   255   255
85.85 4.77   -4.01  -3.37   0   255   0
81.38 47.65   1.3  -0.5   0   0   255
25.98 36.03   0.57  3.1   0   0   255
1.98 12.12   3.67  4.63   0   255   0
57.69 64.99   0.38  4.79   0   0   255
35.51 67.32   -0.13  2.37   255   0   0
38.11 28.65   1.32  -3.55   0   255   0
64.06 92.86   -0.78  1.12   255   255   0
84.89 7.13   -3.38  -2.72   0   0   255
65.3 71.04   1.05  -1.05   255   255   0
78.1 93.88   2.48  0.21   255   255   0
41.4 18.39   -4.77  2.28   255   0   255
25.16 74.39   2.5  -2.89   255   255   0
10.3 6.38   3.79  0.48   255   0   0
77.09 52.4   4.96  -3.96   0   255   255
15.53 65.48   3.85  -1.91   0   255   0
73.76 44.32   -3.74  0.27   0   255   0
2.86 66.35   3.6  -1.75   255   255   0
46.72 87.09   4.35  0.49   0   255   0
96.95 69.76   -3.23  0.98   255   0   255
74.89 87.73   -0.65  1.4   0   255   255
30.97 34.72   0.4  3.05   255   255   0
30.79 41.22   -3.44  -4.89   0   255   255
81.54 84.79   -1.56  -0.31   255   0   0
68.78 49.19   2.55  -2.0   255   255   0
79.8 59.7   2.97  0.48   0   255   0
41.17 56.06   -1.05  -3.37   255   0   255
64.6 82.84   -2.79  -4.21   255   0   255
23.96 76.45   4.1  3.08   255   0   255
27.19 64.85   0.32  -2.31   0   255   0
85.35 18.24   -2.1  1.37   0   255   255
45.28 70.05   -0.08  -1.79   0   255   0
4.96 53.5   -3.14  -3.98   0   0   255
12.5 43.84   -4.92  -4.1   255   0   0
49.36 34.19   -1.88  2.99   0   0   255
46.37 79.14   -1.7  3.44   0   255   0
5.6 77.57   -4.29  -0.3   0   255   0
89.57 25.01   -1.18  -4.87   255   0   255
24.9 77.12   -0.57  2.38   255   0   0
19.92 73.53   -4.06  1.66   0   255   0
47.28 68.14   -1.88  -1.77   255   0   255
72.82 74.47   0.5  -3.78   255   255   0
63.85 19.87   3.88  3.64   0   255   0
97.33 23.6   -0.66  -4.85   0   0   255
58.47 39.58   -2.57  4.69   0   255   255
78.35 47.53   0.96  -1.29   255   0   0
24.87 49.99   1.86  -1.62   255   0   255
6.01 35.55   -3.46  0.36   255   0   0
12.58 23.27   4.82  2.89   0   0   255
80.55 43.87   -3.07  1.89   0   0   255
72.44 25.07   -4.61  2.07   0   255   255
29.47 69.7   -3.1  -3.13   0   0   255
32.37 46.84   3.68  0.99   0   255   255
16.03 53.11   -0.51  3.19   0   255   255
36.71 0.07   1.38  -1.21   0   255   0
88.29 61.97   -1.36  1.2   0   0   255
72.1 65.83   0.39  -1.13   0   255   255
68.32 76.57   -3.46  -2.17   255   255   0
64.09 11.05   0.23  -4.33   0   255   0
17.86 3.13   -3.93  -3.08   255   0   0
57.1 83.63   1.58  0.26   255   0   255
59.03 4.91   -2.79  2.18   255   0   0
93.02 20.87   -0.09  3.9   255   0   0
46.81 63.89   -1.39  2.43   255   255   0
82.2 79.42   -4.42  1.17   0   255   255
4.07 7.04   -1.96  4.45   0   255   255
9.71 72.52   0.32  -3.11   0   255   255
65.69 57.0   4.48  0.58   0   255   255
41.52 10.55   1.39  -1.42   255   255   0
70.26 42.71   -3.96  2.92   0   255   255
40.16 33.75   -3.42  4.98   255   255   0
93.35 90.25   0.5  4.97   0   0   255
41.23 63.32   3.26  -1.77   0   255   0
56.31 21.39   2.66  4.26   0   0   255
36.0 45.24   4.6  -5.0   255   0   0
98.3 59.58   0.18  4.93   0   0   255
0.66 98.44   -2.85  -1.85   255   0   255
82.23 91.91   0.11  0.71   0   255   255
15.47 3.77   -1.44  -3.62   0   0   255
88.96 24.99   -2.44  -2.0   0   255   255
39.98 91.79   2.34  2.24   255   255   0
17.29 82.57   1.9  0.76   255   0   0
59.52 30.04   2.31  0.76   255   0   0
78.01 92.19   -1.66  3.8   255   255   0
41.65 86.78   3.7  -2.73   255   0   255
84.95 92.87   1.34  1.32   255   0   0
