# Arquivo de particulas Particle2 - formato: x y vx vy r g b
# Cores: RED=255 0 0, GREEN=0 255 0, BLUE=0 0 255
10.0 20.0   1.5  -0.3   255   0   0
30.5 45.2  -0.8   2.1     0 255   0
55.0 10.0   0.0   1.0     0   0 255
80.0 70.0   2.0   0.5   255   0   0
15.0 60.0  -1.0  -1.0     0 255   0
25.0 35.0   0.5   0.5     0   0 255
70.0 20.0   1.0  -2.0   255   0   0
40.0 80.0  -0.5   0.8     0 255   0
60.0 50.0   3.0   1.5     0   0 255
90.0 30.0  -2.0   0.0   255   0   0
5.0   5.0   0.1   0.1     0 255   0
95.0 95.0  -1.5  -1.5     0   0 255
50.0 50.0   0.0   0.0   255   0   0
33.0 67.0   1.2  -0.7     0 255   0
78.0 42.0  -0.3   1.8     0   0 255
